$ 1 0.000005 21.593987231061412 50 5 50 5e-11
f 192 176 192 128 40 1.5 0.02
v 192 240 192 176 0 2 1000 5 5 0 0.73
w 208 128 272 128 0
d 272 240 272 128 2 default
l 272 128 352 128 0 1 0.005734984253133224 0
w 352 240 272 240 0
g 272 304 272 320 0 0
r 416 240 416 128 0 1000
w 416 128 352 128 0
w 416 240 352 240 0
O 416 128 480 128 1 0
209 352 128 352 240 0 0.00001 5.105428103082488 0.001 1
w 192 240 272 240 0
v 48 304 48 128 0 0 40 7.4 0 0 0.5
w 272 304 48 304 0
w 272 304 272 240 0
w 176 128 48 128 0
w 48 128 48 -48 0
v 272 16 208 16 0 2 1000 5 5 0 0.435
w 272 -48 272 16 0
w 272 -48 224 -48 0
w 288 -48 272 -48 0
O 528 -48 672 -48 3 1
w 400 -48 528 -48 0
w 528 64 400 64 0
r 528 -48 528 64 0 1000
w 400 64 288 64 0
c 400 -48 400 64 0 0.00001 -5.082260897043903 0.001
d 400 -48 288 -48 2 default
l 288 64 288 -48 0 1 -0.00929178089040159 0
f 208 16 208 -48 40 1.5 0.02
w 272 304 528 304 0
x 242 105 366 108 4 18 Buck\sConverter
x 332 -70 508 -67 4 18 Buck-Boost\sConverter
w 192 -48 48 -48 0
w 528 304 528 64 0
x -20 241 32 244 4 14 7.4V\sDC
o 13 64 0 12290 7.4 0.0001 0 4 13 3 10 0 22 0
38 1 F1 5 0 100 -1 Duty\sCycle
