$ 1 0.000005 21.593987231061412 50 5 50 5e-11
f 192 176 192 128 40 1.5 0.02
v 192 240 192 176 0 2 1000 5 5 0 0.73
w 208 128 256 128 0
d 272 240 272 128 2 default
w 272 128 256 128 0
l 272 128 352 128 0 1 0.005226774235950847 0
w 352 240 272 240 0
g 144 256 144 272 0 0
r 416 240 416 128 0 1000
w 416 128 352 128 0
w 416 240 352 240 0
O 416 128 480 128 1 0
209 352 128 352 240 0 0.00001 5.096075775742555 0.001 1
w 192 240 272 240 0
. Voltage\sInverter\s3 0 3 3 2 In\sVoltage 1 0 2 Out\sVoltage 6 0 3 AnalogSwitchElm\s1\s2\s3\rAnalogSwitchElm\s2\s0\s4\rCapacitorElm\s2\s5\rAnalogSwitchElm\s0\s5\s3\rAnalogSwitchElm\s5\s6\s4\rCapacitorElm\s6\s0\rInverterElm\s3\s4\rRailElm\s3\rResistorElm\s6\s0 0\\s20\\s10000000000\s0\\s20\\s10000000000\s0\\s0.00001\\s0.1041234761413887\\s0.001\s0\\s20\\s10000000000\s0\\s20\\s10000000000\s0\\s0.00001\\s-0.1037366511856748\\s0.001\s0\\s0.5\\s5\s1\\s2\\s400\\s2.5\\s2.5\\s0\\s0.5\s0\\s30000
410 80 0 128 16 1 Voltage\sInverter\s3 0\s20\s10000000000 0\s20\s10000000000 0\s0.00001\s7.285111549576035\s0.001 0\s20\s10000000000 0\s20\s10000000000 0\s0.00001\s-7.272508773414152\s0.001 0\s0.5\s5 1\s2\s400\s2.5\s2.5\s0\s0.5 0\s30000
v 48 256 48 128 0 0 40 7.4 0 0 0.5
w 144 256 48 256 0
w 272 240 272 256 0
w 144 256 272 256 0
w 176 128 48 128 0
w 48 128 48 0 0
w 48 0 80 0 0
368 208 0 272 0 0 0
o 11 64 0 4098 10 0.1 0 1
38 1 F1 5 0 100 -1 Duty\sCycle
